"","place","type","art_gallery","atm","bakery","bank","bar","beauty_salon","book_store","bus_station","cafe","car_dealer","car_repair","church","clothing_store","dentist","doctor","electronics_store","furniture_store","gas_station","gym","hair_care","hardware_store","hindu_temple","home_goods_store","hospital","insurance_agency","jewelry_store","laundry","lawyer","library","local_government_office","lodging","meal_delivery","meal_takeaway","movie_theater","night_club","park","pharmacy","police","post_office","real_estate_agency","restaurant","school","shoe_store","shopping_mall","spa","store","transit_station","travel_agency","university"
"1","Adugodi","commercial",0,0,0,0,0,0,0,0,0,1,0,0,0,0,0,1,0,0,0,0,0,0,1,0,0,0,1,0,0,0,1,0,0,0,0,0,0,0,0,0,0,0,0,0,0,3,0,0,0
"2","Ashoknagar","commercial",1,0,0,0,1,0,0,0,0,0,0,0,0,0,0,0,0,0,0,0,0,0,0,1,0,0,0,1,0,0,4,0,0,0,0,0,0,0,0,1,3,1,0,0,0,2,0,1,0
"3","AvenueRoad","commercial",0,0,0,2,0,0,0,0,0,0,0,0,3,0,0,1,1,0,0,0,1,0,2,0,0,1,0,0,0,0,0,0,0,0,0,0,0,0,0,0,1,0,0,0,0,10,0,1,0
"4","Balepet","commercial",0,1,1,4,0,0,0,0,0,0,0,0,1,0,0,0,0,0,0,0,0,0,0,0,0,0,0,0,0,0,5,0,0,0,0,0,0,0,0,0,2,0,0,0,0,5,0,1,0
"5","Bommanahalli","commercial",0,0,1,0,0,0,0,0,0,0,0,0,1,0,0,0,0,0,0,0,0,0,0,0,0,0,0,0,0,0,2,0,0,0,0,0,0,0,0,0,0,1,0,0,0,3,0,0,0
"6","BrigadeRoad","commercial",0,0,0,0,1,0,0,0,0,0,0,0,0,0,0,0,0,0,0,0,0,0,0,0,0,0,0,0,0,0,11,1,1,0,1,0,0,0,0,0,7,0,0,0,1,0,0,0,0
"7","Chamrajpet","commercial",0,0,0,0,0,0,0,0,1,0,0,0,2,0,0,0,0,0,0,0,0,1,1,1,0,0,0,0,0,0,0,1,1,0,0,0,0,0,1,0,2,0,0,1,0,7,0,0,0
"8","Chickpet","commercial",0,0,0,1,0,0,0,0,0,0,0,0,1,0,0,0,1,0,0,0,0,0,1,0,0,0,0,0,0,0,2,0,0,0,0,0,1,0,0,0,2,0,0,0,0,6,0,0,0
"9","commercialPLRoad","commercial",0,3,0,3,0,0,0,0,0,0,0,0,0,0,1,0,0,0,2,0,0,0,0,1,0,0,0,0,0,0,0,0,0,0,0,0,0,0,0,1,1,1,0,0,0,1,0,0,0
"10","commercialStreet","commercial",0,0,0,2,0,0,0,0,1,0,0,0,2,0,0,1,0,0,0,0,0,0,0,0,0,0,0,0,1,0,3,0,0,0,0,0,0,0,0,0,2,0,0,0,0,6,0,2,0
"11","CunninghamRoad","commercial",0,0,0,0,0,0,0,0,1,0,0,0,0,0,0,0,0,0,0,0,0,0,1,1,0,0,0,0,0,0,2,1,1,1,0,0,0,0,0,1,3,0,0,0,0,1,0,1,0
"12","C.V.RamanNagar","commercial",0,1,0,0,0,0,0,0,0,0,1,0,0,1,0,0,0,0,0,0,0,0,0,0,0,0,0,0,0,0,1,0,0,0,0,0,0,0,0,0,1,0,0,0,0,2,0,0,0
"13","DickensonRoad","commercial",0,0,0,2,1,0,0,0,0,0,0,0,1,0,0,1,1,0,0,0,0,0,1,0,0,3,0,0,0,0,1,0,0,0,1,0,0,0,0,1,1,1,0,0,0,6,0,0,0
"14","Doddamavalli","commercial",0,1,0,2,0,0,0,0,0,1,3,0,0,0,0,1,1,0,0,0,0,0,1,0,0,0,0,0,0,0,6,0,0,0,0,0,0,0,0,0,0,0,0,0,1,5,0,0,0
"15","DooravaniNagar","commercial",0,0,0,0,0,0,0,0,0,1,0,0,0,0,1,0,1,0,0,0,0,0,1,0,0,0,0,0,0,0,0,0,0,0,0,0,0,0,0,0,1,0,0,0,0,6,0,0,0
"16","gandhinagar","commercial",0,0,0,1,0,0,0,0,0,0,1,0,0,0,0,0,0,0,0,0,0,0,0,0,0,1,0,0,0,0,14,0,0,0,0,0,0,0,0,0,0,0,0,0,0,2,0,1,0
"17","HosurRoad","commercial",0,2,0,1,0,0,0,0,0,0,0,0,0,0,0,0,0,0,0,0,0,0,0,0,0,0,0,0,0,0,0,0,0,0,0,0,0,0,0,0,0,1,0,0,0,0,0,0,0
"18","IndiraNagar","commercial",0,0,1,0,1,0,0,0,1,0,0,0,2,0,2,0,0,0,0,0,0,0,0,0,0,1,0,0,0,0,0,0,0,0,0,0,1,0,0,0,1,1,0,0,0,7,0,1,0
"19","InfantryRoad","commercial",0,0,0,0,1,0,0,0,0,0,0,0,0,0,0,0,0,0,0,0,0,0,0,0,0,0,0,0,0,0,4,0,0,0,0,0,0,0,0,0,1,0,0,0,0,2,0,0,0
"20","JayachamarajaWodeyarRoad","commercial",0,0,0,2,0,0,0,0,0,0,1,0,0,0,0,0,0,0,0,0,0,0,0,0,0,0,0,0,0,0,4,0,0,0,0,0,0,0,0,0,0,0,0,0,1,3,0,3,0
"21","JayamahalRoad","commercial",0,2,0,0,0,0,0,0,0,0,1,0,0,0,0,0,1,0,0,0,0,0,1,0,0,0,0,0,0,0,3,0,0,0,0,0,0,1,0,0,1,0,0,0,0,1,0,1,0
"22","Jayanagar","commercial",0,0,0,0,0,0,0,1,0,0,0,0,0,0,0,0,0,0,1,0,0,0,2,0,0,0,0,0,0,0,0,0,0,0,0,0,0,0,0,0,0,0,0,0,0,2,1,0,0
"23","Kalasipalyam","commercial",1,0,0,0,1,0,0,0,0,0,0,0,0,0,0,0,0,0,0,0,0,0,0,1,0,0,0,1,0,0,4,0,0,0,0,0,0,0,0,1,3,1,0,0,0,2,0,1,0
"24","Kammanahalli","commercial",0,2,0,2,0,0,0,0,1,0,0,1,0,0,0,0,0,0,0,0,0,0,0,0,0,0,1,0,0,0,1,0,0,0,0,0,0,0,0,1,1,3,0,0,0,3,0,0,0
"25","Kankapura","commercial",0,0,0,0,0,0,0,0,0,0,0,0,0,0,0,0,0,0,0,0,0,0,0,0,0,0,0,0,0,0,0,0,0,0,0,0,0,0,0,0,0,0,0,0,0,0,0,0,0
"26","KasturbaRoad","commercial",0,1,0,2,0,0,0,0,0,0,0,0,1,0,0,0,0,0,0,0,0,0,0,0,1,0,0,0,0,0,1,0,0,0,0,0,0,0,0,0,2,0,0,0,1,2,0,0,0
"27","KGRoad","commercial",0,0,1,3,0,0,1,0,0,0,0,0,0,0,0,1,0,0,0,0,0,0,1,0,2,1,0,0,0,0,8,0,0,0,0,0,0,0,0,0,0,0,0,0,0,5,0,0,0
"28","Kodihalli","commercial",0,0,0,0,0,1,0,0,0,0,0,0,1,0,0,0,0,0,0,1,0,0,0,0,0,0,0,0,0,0,2,0,0,0,0,0,0,0,0,0,3,1,0,0,1,2,0,0,0
"29","LadyCurzonRoad","commercial",0,0,0,0,0,0,0,0,1,0,0,0,0,0,0,0,0,0,0,0,0,0,1,1,0,0,0,0,0,0,2,1,1,1,0,0,0,0,0,1,3,0,0,0,0,1,0,1,0
"30","LavelleRoad","commercial",1,0,0,0,1,0,0,0,0,0,0,0,0,0,0,0,0,0,0,0,0,0,0,1,0,0,0,1,0,0,4,0,0,0,0,0,0,0,0,1,3,1,0,0,0,2,0,1,0
"31","MagrathRoad","commercial",0,0,0,0,1,0,0,0,0,0,0,0,0,0,0,0,0,0,0,0,0,0,0,0,0,0,0,0,0,0,18,0,0,0,1,0,0,0,0,0,2,0,0,0,1,0,0,0,0
"32","OldTalukCutcheryRoad","commercial",0,2,0,4,0,0,0,0,0,0,0,0,0,0,0,1,0,0,0,0,0,0,1,0,1,0,0,0,0,0,5,0,0,0,0,0,0,0,0,0,0,0,0,0,0,5,0,0,0
"33","RajBhavanRoad","commercial",0,0,0,0,2,0,0,0,1,0,0,0,0,0,0,0,0,0,0,0,0,0,1,1,0,0,0,0,0,0,6,0,0,0,0,0,0,0,0,0,3,0,0,0,0,1,0,1,0
"34","RichmondRoad","commercial",0,0,0,0,1,0,0,0,0,0,0,0,0,0,0,0,0,0,0,1,0,0,0,0,0,0,0,0,0,0,7,0,0,0,0,0,0,0,0,1,4,0,0,0,0,2,0,0,0
"35","RichmondTown","commercial",0,0,1,1,0,0,0,0,0,0,0,0,0,0,1,0,1,0,0,0,0,0,1,1,0,0,0,0,0,0,4,1,0,0,0,0,0,0,0,0,3,1,0,0,0,2,0,2,0
"36","SCRoad","commercial",0,0,0,0,0,0,0,0,0,0,1,0,0,0,0,0,0,0,0,0,0,0,0,0,0,1,0,0,0,0,8,0,0,0,0,0,0,0,0,0,2,0,0,0,0,3,0,2,0
"37","SeshadriRoad","commercial",0,0,2,1,0,0,0,0,0,0,0,1,0,0,0,0,0,0,0,0,0,0,0,0,0,0,0,0,0,0,0,0,0,0,0,0,0,0,0,0,2,0,0,0,0,5,0,0,0
"38","ShivajiNagar","commercial",1,0,0,0,1,0,0,0,0,0,0,0,0,0,0,0,0,0,0,0,0,0,0,1,0,0,0,1,0,0,4,0,0,0,0,0,0,0,0,1,3,1,0,0,0,2,0,1,0
"39","Varthur","commercial",0,0,0,0,0,0,0,1,0,0,1,0,0,0,0,0,0,0,0,0,0,0,0,0,0,1,0,0,0,0,0,0,0,0,0,0,0,1,0,0,1,1,0,0,0,3,1,0,0
"40","Vimanapura","commercial",0,1,0,0,0,0,0,0,0,0,0,0,0,0,0,1,0,0,0,0,0,1,0,0,0,0,0,0,1,0,1,0,0,0,0,0,0,0,0,2,0,1,0,0,0,3,0,0,0
"41","VittalMallyaRoad","commercial",0,1,0,1,0,0,0,0,0,0,0,0,1,0,0,0,0,0,0,0,0,0,0,0,1,0,0,0,0,0,1,0,0,0,0,0,0,0,0,0,3,0,0,0,1,2,0,0,0
"42","Yeshwanthpur","commercial",0,0,0,0,0,0,0,0,0,0,1,0,1,0,0,0,1,0,0,0,0,0,1,0,0,0,0,0,0,0,0,0,0,0,0,0,0,0,0,0,0,0,0,0,0,6,0,0,0
"43","belroad","entertainment",0,0,2,1,0,0,0,0,0,0,0,0,0,0,1,0,0,0,0,0,0,0,0,1,0,0,0,0,0,0,1,1,1,0,0,0,0,0,0,0,4,0,0,0,0,5,0,0,1
"44","ChurchStreet","entertainment",0,0,0,0,2,0,0,0,1,1,0,0,0,0,0,0,0,0,0,0,0,0,0,0,0,0,0,0,0,0,8,0,0,0,1,0,0,0,0,0,6,0,0,0,0,1,0,0,0
"45","Hesaraghatta","entertainment",0,0,0,0,0,0,0,0,1,0,0,0,0,0,0,0,0,0,0,0,1,1,1,0,0,0,0,0,0,0,0,0,0,0,0,0,0,0,0,0,0,1,0,0,0,3,0,0,0
"46","Kadugondanahalli","entertainment",0,1,0,0,0,0,0,0,0,0,1,1,0,0,0,1,0,0,0,0,0,0,2,0,0,0,0,0,0,1,1,0,0,0,0,0,0,0,0,0,0,0,0,0,0,5,0,0,0
"47","MGRoad","entertainment",0,0,0,0,1,0,0,0,0,0,0,0,0,0,0,0,0,0,0,0,0,0,0,0,0,0,0,0,0,0,15,0,0,0,0,0,0,0,0,0,3,0,0,1,1,0,0,0,0
"48","MissionRoad","entertainment",0,0,0,4,0,0,0,0,0,0,0,0,0,0,0,0,0,0,0,0,0,0,0,0,1,0,0,0,0,1,7,0,0,0,0,0,0,0,0,0,1,0,0,0,1,1,0,0,0
"49","MuseumRoad","entertainment",0,0,0,0,2,0,0,0,1,0,0,0,0,0,0,0,0,0,0,0,0,0,0,0,0,0,0,0,0,0,17,0,0,0,1,0,0,0,0,0,2,0,0,0,2,0,0,0,0
"50","Nagarathpet","entertainment",0,2,0,4,0,0,0,0,0,0,0,0,0,0,0,1,0,0,0,0,0,0,1,0,2,0,0,0,0,0,3,0,0,0,0,0,0,0,0,0,0,0,0,0,0,5,0,0,0
"51","Nagavara","entertainment",0,2,0,0,0,0,0,0,0,0,0,0,0,0,0,1,0,0,0,0,1,0,1,1,0,0,0,0,0,0,1,0,0,0,0,0,0,0,0,0,0,2,0,0,0,3,0,0,0
"52","NandiniLayout","entertainment",0,1,0,0,0,0,0,0,0,0,0,0,1,0,0,1,1,0,0,0,0,0,1,1,1,1,0,0,0,0,0,0,0,0,0,0,0,0,0,0,0,0,0,0,0,8,0,0,0
"53","SampangiramNagar","entertainment",0,0,0,2,0,0,0,0,0,0,1,0,1,0,0,0,1,0,0,0,0,1,1,0,0,0,0,0,0,0,5,0,0,0,0,0,0,0,0,0,1,0,1,0,0,6,0,1,0
"54","StMarksRoad","entertainment",0,0,0,0,2,0,0,0,1,0,0,0,0,0,0,0,0,0,0,0,0,0,0,0,0,0,0,0,0,0,17,0,0,0,1,0,0,0,0,0,2,0,0,0,2,0,0,0,0
"55","Ulsoor","entertainment",0,0,0,0,1,0,0,0,0,0,0,0,0,0,0,0,0,0,0,0,0,0,0,0,0,1,0,0,0,0,15,0,0,0,0,0,0,0,0,0,3,0,0,0,1,2,0,0,0
"56","WilsonGarden","entertainment",0,0,0,1,0,0,0,0,2,0,0,0,0,0,1,2,0,0,0,0,0,0,1,1,0,0,0,0,0,1,2,0,0,0,0,1,0,0,0,0,1,0,0,0,0,3,0,0,1
"57","bidadi","industry",0,6,0,9,0,0,0,0,0,0,0,0,0,0,0,0,0,0,0,0,0,0,0,0,0,0,0,0,0,0,1,0,0,0,0,0,0,0,0,0,0,0,0,0,0,1,0,0,0
"58","kengeri","industry",0,1,0,1,0,0,0,0,0,0,0,0,0,0,0,0,0,2,0,0,0,1,1,0,0,0,0,0,0,0,0,0,0,0,0,0,0,0,0,1,1,1,0,0,0,2,0,1,0
"59","mysoreroad","industry",0,1,0,2,0,0,0,0,1,0,0,0,0,0,0,0,0,0,0,0,0,0,0,0,2,0,0,0,0,0,1,0,0,0,0,0,0,0,1,0,1,0,1,0,0,5,0,0,0
"60","Peenya","industry",0,0,0,0,0,0,0,0,0,0,0,0,0,0,0,0,0,0,0,0,0,0,0,0,0,0,0,0,0,0,0,0,0,0,0,0,0,0,0,0,0,1,0,0,0,3,0,0,0
"61","tumkurroad","industry",0,1,0,1,0,0,0,0,0,0,0,0,2,0,0,0,0,0,0,0,0,0,0,0,1,0,0,0,0,1,0,0,0,0,0,0,0,0,0,0,0,0,0,0,0,2,0,1,0
"62","Bellandur","it",0,0,0,0,0,0,0,0,0,0,0,0,0,0,0,0,0,0,0,0,0,1,0,0,0,0,0,0,0,0,0,0,0,0,0,0,0,0,0,0,0,0,0,0,0,0,0,0,0
"63","Brookefield","it",0,3,0,3,0,0,1,0,0,0,0,0,1,0,0,0,1,0,2,0,0,0,1,1,0,0,0,0,0,0,0,0,0,0,0,0,0,0,0,1,1,2,0,0,0,2,0,0,0
"64","Byatarayanapura","it",0,1,0,3,0,0,0,0,0,0,0,0,1,0,0,0,0,0,0,0,0,1,0,0,0,0,0,0,0,0,0,1,1,0,0,0,0,0,0,0,1,1,0,1,0,3,0,0,0
"65","DomlurLayout","it",0,1,0,0,0,0,0,2,0,0,0,0,0,0,0,0,1,0,0,0,0,0,1,3,0,0,0,0,0,0,0,0,0,0,0,0,0,0,0,0,0,0,0,0,0,3,2,0,0
"66","ElectronicCity","it",0,0,0,0,0,0,0,1,0,0,0,0,0,0,0,0,0,0,1,0,0,0,2,0,0,0,0,0,0,0,0,0,0,0,0,0,0,0,0,0,0,0,0,0,0,2,1,0,0
"67","Kadugodi","it",0,0,0,0,0,0,0,1,0,0,0,0,0,0,0,0,0,0,0,0,0,1,0,0,0,0,0,0,0,0,1,0,0,0,0,0,0,0,0,0,0,2,0,0,0,3,1,0,0
"68","Koramangala","it",1,0,0,0,1,0,0,0,0,0,0,0,0,0,0,0,0,0,0,0,0,0,0,1,0,0,0,1,0,0,4,0,0,0,0,0,0,0,0,1,3,1,0,0,0,2,0,1,0
"69","KrishnarajaPuram","it",0,0,0,0,0,0,0,0,0,1,0,0,0,0,0,0,0,0,0,0,1,0,0,0,0,0,0,0,0,0,0,0,0,0,0,1,0,0,0,1,1,2,0,0,0,6,0,0,0
"70","Madiwala","it",0,1,0,0,0,0,0,0,1,0,0,0,1,0,0,0,1,0,0,0,0,0,1,0,1,0,0,0,0,0,3,0,0,0,0,0,0,0,0,0,3,1,0,0,0,5,0,2,0
"71","Mahadevapura","it",0,0,0,0,0,0,0,0,1,0,1,0,0,1,0,0,0,0,0,0,0,1,0,0,0,0,1,0,0,0,0,2,1,0,0,0,0,0,0,0,6,0,0,0,0,4,0,1,0
"72","OldAirportRoad","it",0,0,0,0,0,0,0,0,0,0,0,0,0,0,0,0,1,0,0,0,0,0,1,0,0,0,0,0,0,0,2,0,0,0,0,0,0,0,0,0,0,0,0,0,0,2,0,0,0
"73","SarjapurRoad","it",0,1,0,1,0,0,0,0,0,0,0,0,0,0,0,1,0,0,0,0,0,0,0,0,0,0,0,0,0,0,0,0,0,0,0,0,0,0,0,1,0,0,0,0,0,3,0,0,0
"74","Whitefield","it",0,0,0,1,0,0,0,0,0,2,0,0,0,0,0,0,0,0,1,0,0,0,1,0,0,0,0,0,0,0,1,0,0,0,0,0,0,0,1,0,4,0,0,1,0,5,0,0,0
"75","AustinTown","residential",0,2,0,1,0,0,0,0,0,0,0,0,0,0,0,0,0,0,0,0,0,0,0,1,1,0,0,0,0,0,1,0,0,0,0,0,0,0,0,0,0,0,1,0,0,3,0,0,0
"76","Banashankari","residential",0,1,0,1,0,0,0,0,1,0,0,0,0,1,0,0,0,0,2,0,0,0,0,0,0,0,0,0,0,0,0,0,0,0,0,0,0,0,0,0,0,1,0,0,0,1,0,0,1
"77","BannerghattaRoad","residential",1,0,0,0,1,0,0,0,0,0,0,0,0,0,0,0,0,0,0,0,0,0,0,1,0,0,0,1,0,0,4,0,0,0,0,0,0,0,0,1,3,1,0,0,0,2,0,1,0
"78","Banswadi","residential",0,0,0,1,0,0,0,0,0,0,0,0,0,1,1,0,0,0,0,0,0,1,0,0,0,0,0,0,0,0,0,0,0,0,0,0,0,0,0,0,0,3,0,0,1,3,0,1,0
"79","Basavanagudi","residential",0,1,0,0,0,0,0,0,0,0,0,0,1,0,0,0,0,0,1,0,0,0,1,1,0,0,0,0,0,0,0,1,0,0,0,0,0,0,0,1,0,0,0,0,0,2,0,0,0
"80","basaveshwaranagar","residential",0,0,1,2,0,1,0,0,0,0,0,0,0,0,1,0,0,0,2,0,0,0,0,1,0,0,0,0,0,0,0,1,1,0,0,0,0,0,0,0,3,0,0,0,0,3,0,2,0
"81","BenniganaHalli","residential",0,1,0,1,0,0,0,2,0,0,0,0,1,0,0,0,0,0,0,0,0,0,1,0,0,0,0,0,0,0,0,0,0,0,0,0,0,1,0,0,1,1,0,0,0,3,2,0,0
"82","BensonTown","residential",0,0,0,0,0,0,0,0,0,0,0,0,1,0,0,0,0,0,0,0,0,0,0,0,1,0,0,1,0,0,2,0,0,0,0,0,0,1,0,0,0,1,0,0,0,1,0,0,0
"83","BTMlayout","residential",0,0,0,2,0,1,0,0,0,0,0,0,1,0,0,0,0,0,0,0,0,0,0,1,0,0,0,0,0,0,1,0,0,1,0,0,1,0,0,0,3,2,0,0,0,2,0,0,0
"84","CoxTown","residential",0,2,2,2,1,0,0,0,1,0,1,0,1,0,0,0,0,0,0,0,0,0,1,0,0,0,0,0,0,0,0,0,0,0,0,0,0,0,0,0,6,0,0,0,0,8,0,0,0
"85","CrescentRoad","residential",1,0,0,0,3,0,0,0,0,0,0,0,0,0,0,0,0,0,0,0,0,0,0,1,0,0,0,0,0,0,4,0,0,0,0,0,0,0,0,0,3,0,0,0,0,3,0,1,0
"86","Dasarahalli","residential",0,0,0,0,0,0,0,0,0,0,0,0,0,0,0,0,0,0,0,0,0,0,0,0,0,0,0,0,0,0,0,0,0,0,0,0,0,0,0,0,0,0,0,0,0,0,0,0,0
"87","Devanahalli","residential",0,1,0,0,0,0,0,2,0,0,1,0,0,0,0,0,0,0,0,0,0,1,0,0,0,0,0,0,0,0,0,0,0,0,0,0,0,0,0,0,2,2,0,0,0,1,2,0,0
"88","Doddakallasandra","residential",0,0,0,0,0,0,1,1,0,0,0,0,0,0,0,1,0,0,0,0,0,1,0,0,0,0,0,0,0,0,0,0,0,0,0,1,0,0,0,1,0,0,0,0,0,3,1,0,0
"89","Frazertown","residential",0,1,0,2,0,1,0,0,0,0,0,0,0,0,0,0,0,0,1,0,0,0,1,1,0,0,0,1,0,0,1,0,0,0,0,0,0,0,0,1,0,0,0,0,0,2,0,0,0
"90","GangaNagar","residential",0,1,0,0,0,0,0,0,0,1,0,0,1,0,0,0,1,0,0,0,0,0,1,0,0,0,0,0,0,0,1,0,0,0,0,0,0,0,0,0,0,1,0,0,0,3,0,0,0
"91","Gavipura","residential",0,2,0,0,0,0,0,0,0,0,0,0,0,0,0,0,2,0,0,0,0,0,2,0,1,0,0,0,0,0,0,0,0,0,0,0,0,0,1,0,0,1,0,0,0,4,0,1,0
"92","Hanumanthanagar","residential",1,0,0,0,1,0,0,0,0,0,0,0,0,0,0,0,0,0,0,0,0,0,0,1,0,0,0,1,0,0,4,0,0,0,0,0,0,0,0,1,3,1,0,0,0,2,0,1,0
"93","Hebbal","residential",0,0,0,1,0,0,0,0,0,1,1,0,0,0,0,0,0,0,0,0,0,0,0,1,2,0,0,0,0,0,1,0,0,0,0,0,0,2,0,1,1,0,0,0,0,1,0,0,0
"94","Hennur","residential",0,0,0,1,0,0,0,0,0,0,0,0,0,0,0,0,1,0,0,0,0,0,1,0,0,0,0,0,0,0,0,0,0,0,0,0,0,0,0,0,1,1,0,0,0,4,0,0,0
"95","HighGrounds","residential",1,0,0,0,1,0,0,0,0,0,0,0,0,0,0,0,0,0,0,0,0,0,0,1,0,0,0,1,0,0,4,0,0,0,0,0,0,0,0,1,3,1,0,0,0,2,0,1,0
"96","HRBRLayout","residential",0,1,0,1,0,0,0,0,1,0,0,0,0,0,0,1,0,0,1,0,0,0,0,0,0,0,0,0,0,0,0,0,0,0,0,0,1,0,0,1,3,0,0,0,0,5,0,1,0
"97","HSRLayout","residential",0,1,0,1,0,0,0,0,0,2,4,0,0,0,0,0,1,2,0,0,0,0,2,0,0,0,0,0,0,0,0,0,0,0,0,0,0,0,0,0,1,0,0,0,0,4,0,0,0
"98","Jalahalli","residential",0,0,0,0,0,0,0,0,0,0,1,0,0,0,0,0,0,0,0,0,0,0,0,0,0,0,0,0,0,0,0,0,0,0,0,0,0,0,0,0,0,1,0,1,0,0,0,0,0
"99","JeevanBheemaNagar","residential",0,0,0,1,0,1,0,0,0,0,0,0,0,0,0,0,0,0,0,1,0,0,0,0,0,0,0,0,0,0,1,0,0,0,0,0,0,0,0,0,4,1,1,0,0,1,0,2,1
"100","JPNagar","residential",0,0,0,0,0,0,0,0,0,0,0,0,1,1,1,0,0,0,0,0,0,0,0,0,0,0,0,0,0,0,1,0,0,0,0,0,0,0,0,0,0,3,0,0,0,2,0,0,0
"101","KalyanNagar","residential",0,1,1,1,0,1,0,0,1,0,0,0,1,0,0,1,0,0,1,0,0,0,0,0,0,0,0,0,0,0,0,0,0,0,0,0,0,0,0,0,3,0,0,0,0,7,0,1,0
"102","KasturiNagar","residential",0,0,0,0,0,0,0,0,0,0,0,0,1,0,0,0,0,0,0,0,0,0,0,0,0,0,0,0,0,0,0,0,0,0,0,0,0,0,0,0,0,0,0,0,0,2,0,1,0
"103","Kathriguppe","residential",0,0,0,0,0,0,0,0,0,0,0,0,1,1,1,0,0,0,0,0,0,0,0,0,0,0,0,0,0,0,1,0,0,0,0,0,0,0,0,0,0,3,0,0,0,2,0,0,0
"104","Konanakunte","residential",0,0,0,0,0,0,0,0,0,0,1,0,0,0,0,0,0,1,0,0,0,0,0,0,0,0,0,0,0,0,0,0,0,0,0,0,0,0,0,0,0,2,0,0,0,0,0,0,0
"105","kumarakrupaRoad","residential",1,0,0,2,1,0,0,0,0,1,1,0,0,0,0,0,0,0,1,0,0,1,0,1,0,0,0,0,0,0,0,0,0,0,1,0,0,0,0,0,0,0,0,0,0,2,0,0,0
"106","KumaraswamyLayout","residential",0,2,0,0,0,0,0,0,0,0,0,0,0,0,0,1,0,0,1,0,0,1,0,0,0,0,0,0,0,0,0,0,0,0,0,0,0,0,0,0,0,2,0,0,0,1,0,0,0
"107","LangfordTown","residential",0,0,1,1,0,0,0,0,0,0,0,0,0,0,0,2,2,0,0,0,0,0,2,1,0,0,0,0,0,0,1,0,0,0,0,0,0,0,0,1,0,0,0,0,0,5,0,0,0
"108","Lingarajapuram","residential",0,0,0,0,0,1,0,0,0,0,0,1,0,0,0,2,0,0,0,0,1,1,0,0,0,0,0,0,0,0,0,0,0,0,0,0,0,0,0,0,0,0,1,0,1,5,0,1,0
"109","MagadimainRoad","residential",0,0,0,1,0,0,0,7,0,0,1,0,0,0,0,0,0,0,0,0,1,0,1,0,0,1,0,0,0,0,0,0,0,0,0,0,0,0,0,0,0,0,0,0,0,4,7,0,0
"110","mahalakshmipuram","residential",0,0,1,2,0,0,0,0,0,0,0,0,0,0,0,0,0,0,0,0,0,0,0,1,0,0,0,0,0,0,2,0,0,0,0,0,1,0,0,0,0,0,0,0,0,3,0,0,0
"111","Malleshwaram","residential",0,0,0,0,1,0,0,0,1,0,0,0,0,0,0,1,0,0,0,0,0,0,0,0,0,0,0,0,0,0,0,0,0,0,0,0,0,0,0,0,1,2,0,0,0,3,0,0,0
"112","Marathahalli","residential",0,0,0,0,0,0,0,2,0,0,0,0,0,0,1,2,0,0,0,0,0,0,0,0,0,0,0,0,0,0,0,0,0,0,0,0,0,0,0,0,0,1,0,0,0,4,2,0,0
"113","MaruthiNagar","residential",0,1,0,0,0,0,0,0,0,0,0,0,0,0,0,0,0,0,0,0,0,0,0,0,0,0,0,0,0,0,1,0,0,0,0,0,1,0,0,0,1,0,0,0,0,3,0,1,0
"114","Mathikere","residential",0,0,0,0,2,0,0,0,0,1,1,0,0,0,0,0,1,0,0,0,0,0,1,0,0,0,0,0,0,0,3,0,0,0,0,0,0,0,0,1,2,1,0,0,0,5,0,0,0
"115","nagarbhavi","residential",0,0,0,0,0,0,1,0,0,0,0,0,0,0,0,1,0,1,0,0,2,0,1,0,0,0,0,0,0,0,0,0,0,0,0,0,0,0,0,1,0,1,0,0,0,5,0,0,0
"116","Nagasandra","residential",0,0,0,1,0,0,0,0,0,0,0,0,0,0,0,0,0,0,0,0,0,0,1,1,1,0,0,0,0,0,0,0,0,0,0,0,0,0,0,0,0,1,0,0,0,5,0,0,0
"117","NagashettyHalli","residential",1,1,0,1,0,0,0,0,0,0,0,0,0,0,0,0,1,0,0,0,0,0,1,0,0,0,0,0,0,1,0,0,0,0,0,0,1,0,0,0,0,1,0,0,0,2,0,1,0
"118","Padmanabhanagar","residential",0,0,0,0,0,0,0,0,0,0,0,0,1,0,2,1,0,0,1,0,0,0,0,2,0,1,0,0,1,0,0,0,0,1,0,0,0,0,0,0,1,1,0,0,0,3,0,0,0
"119","PalaceRoad","residential",1,0,0,1,0,1,0,0,1,0,0,0,0,0,0,0,0,0,0,0,0,0,0,0,0,0,0,0,0,0,2,0,0,0,0,0,0,0,0,0,5,0,0,0,2,1,0,0,0
"120","Palya","residential",0,0,0,0,0,0,0,6,0,0,1,0,0,0,0,0,0,0,0,0,0,0,0,0,0,0,0,0,0,0,0,0,0,0,0,0,0,0,0,0,1,2,0,0,0,2,6,1,0
"121","RajajiNagar","residential",1,0,0,0,1,0,0,0,0,0,0,0,0,0,0,0,0,0,0,0,0,0,0,1,0,0,0,1,0,0,4,0,0,0,0,0,0,0,0,1,3,1,0,0,0,2,0,1,0
"122","RajaRajeshwariNagar","residential",0,2,0,0,0,0,0,0,0,0,0,0,0,0,0,0,0,0,0,0,0,0,0,0,0,0,0,0,0,0,0,0,0,0,0,0,0,0,0,0,0,0,0,0,0,1,0,0,0
"123","RajaRamMohanRoyRoad","residential",0,0,0,2,2,0,0,0,0,0,0,0,0,0,0,0,0,0,0,0,0,0,0,0,1,0,0,0,0,0,6,0,0,0,0,0,0,0,0,0,6,0,0,0,1,0,0,0,0
"124","RamamurthyNagar","residential",0,0,0,0,0,0,0,0,0,0,0,0,0,0,1,0,0,0,0,0,0,0,0,2,0,0,0,0,0,0,0,0,0,0,0,0,0,0,0,0,0,0,0,0,0,2,0,0,0
"125","ResidencyRoad","residential",0,0,0,0,2,0,0,0,1,0,0,0,0,0,0,0,0,0,0,0,0,0,0,0,0,0,0,0,0,0,17,0,0,0,1,0,0,0,0,0,2,0,0,0,2,0,0,0,0
"126","RTNagar","residential",0,0,2,1,0,0,0,0,0,0,0,1,0,0,0,0,0,0,0,0,0,0,0,0,0,0,0,0,0,0,0,0,0,0,0,0,0,0,0,0,2,0,0,0,0,5,0,0,0
"127","SadashivaNagar","residential",0,0,0,1,0,1,1,0,0,0,0,0,0,0,0,1,0,1,2,0,0,1,0,0,0,0,0,0,0,0,0,0,0,0,0,0,0,0,1,0,2,0,0,0,0,2,0,0,0
"128","Sahakaranagar","residential",0,1,0,0,0,0,0,0,0,0,1,0,0,0,0,1,0,0,2,0,0,0,2,0,0,0,0,0,0,0,1,0,0,0,0,0,0,0,0,0,1,2,0,0,0,3,0,0,0
"129","SanjayNagar","residential",0,0,2,3,0,0,0,0,0,0,0,0,0,0,0,0,0,0,0,0,0,0,0,0,0,0,0,0,0,0,2,2,1,1,0,0,0,0,0,0,5,0,0,0,0,5,0,0,0
"130","SankeyRoad","residential",0,0,0,1,1,1,1,0,0,1,0,0,0,0,1,0,0,0,1,1,0,2,0,0,0,0,0,0,0,0,2,0,0,0,1,0,0,0,0,0,3,1,0,0,0,2,0,0,1
"131","Sheshadripuram","residential",0,0,0,0,0,0,1,0,0,0,0,0,6,0,0,0,0,0,0,0,0,0,1,0,0,0,0,0,0,0,0,0,0,0,0,0,0,0,0,0,4,0,3,0,0,13,0,0,0
"132","Srirampura","residential",0,1,0,3,0,0,0,0,0,0,1,0,0,0,0,0,0,0,0,0,0,0,0,1,0,0,0,0,0,0,0,0,0,0,0,0,0,0,0,0,0,0,0,0,0,3,0,0,1
"133","StThomasTown","residential",0,0,0,0,0,1,0,0,0,0,0,1,0,0,0,0,0,0,0,0,0,1,0,0,0,0,1,0,0,0,0,0,0,0,0,0,0,0,0,0,0,0,0,0,1,2,0,0,0
"134","Subramanyapura","residential",0,0,0,0,0,0,0,0,0,0,0,0,0,0,0,0,0,0,0,0,0,2,0,0,0,0,0,0,1,0,0,0,0,0,0,0,0,0,0,1,0,2,0,0,0,2,0,0,0
"135","Thippasandra","residential",0,0,0,0,0,0,0,0,0,0,0,0,0,0,0,0,0,0,0,0,0,0,0,0,0,0,0,0,0,0,0,0,0,0,0,0,0,0,0,0,0,0,0,0,0,1,0,0,0
"136","Uttarahalli","residential",0,0,0,1,0,0,0,0,0,0,1,0,0,0,0,0,0,1,0,0,0,0,2,0,0,0,0,0,0,0,0,0,0,0,0,0,0,0,0,0,0,3,0,0,0,3,0,0,0
"137","VasathNagar","residential",1,0,0,0,0,0,0,0,0,0,0,0,0,0,0,0,0,0,1,0,0,0,0,0,0,0,0,1,0,0,2,0,0,0,0,0,0,0,0,0,3,2,0,0,0,2,0,2,0
"138","vidyaranyapura","residential",0,0,0,0,0,0,0,0,0,0,0,2,0,0,0,0,0,0,0,0,0,0,0,2,0,0,0,0,0,0,0,0,0,0,0,0,0,0,0,0,0,1,0,0,0,2,0,0,0
"139","vijayanagar","residential",0,0,0,0,0,0,0,0,0,0,0,0,0,0,0,2,1,0,0,0,1,1,2,0,1,0,0,0,0,0,0,0,0,0,0,0,0,0,0,1,0,1,1,0,0,5,0,0,0
"140","Vishweshwarapura","residential",0,1,0,1,0,0,1,0,0,0,0,0,0,0,1,0,0,0,0,0,0,1,0,0,0,0,0,0,0,0,5,0,0,1,0,0,0,0,0,0,0,1,0,0,0,2,0,1,0
"141","VivekaNagar","residential",0,1,0,0,0,0,0,0,0,0,0,0,0,0,0,0,0,0,0,0,0,0,0,1,0,0,0,0,0,1,0,0,0,1,0,0,0,1,0,0,0,1,0,1,0,1,0,1,0
"142","Vyalikaval","residential",0,1,2,3,0,1,0,0,0,0,0,0,0,0,0,0,0,0,0,1,0,1,0,0,0,0,0,0,0,0,0,0,0,0,0,0,0,0,0,0,3,0,0,0,0,4,0,0,1
"143","Yelahanka","residential",0,2,0,0,0,0,0,1,0,0,0,0,0,0,0,0,0,1,1,0,0,0,0,0,0,0,0,0,0,0,0,0,0,0,0,0,0,0,0,0,0,0,0,0,0,0,1,0,0
